Bubblesort-35, interpreted

8.617
8.422
8.501
8.421
8.438

8.280
8.329
8.249
8.391
8.450

Bubblesort-60, interpreted

38.364
38.043
38.095
37.854
38.042

37.624
37.959
38.200
38.142
37.978

Bubblesort-60, compiled

38.755
37.712
37.896
37.758
37.938

37.866
37.850
37.822
37.947
37.979

Bubblesort-35, compiled

8.269
8.262
8.393
8.376
8.704

8.297
8.394
8.421
8.222
8.156

Cube-5, interpreted

33.299
23.032
31.660
33.028
24.099

43.572
32.213
21.459
41.755
36.733

Cube-6, interpreted
2.251
2.300
2.427
2.340
2.407

2.234
2.124
2.231
2.455
2.215

Cube-6, compiled
2.342
2.281
2.403
2.294
2.251

2.389
2.314
2.357
2.312
2.347

Cube-5, compiled
28.404
28.097
28.048
28.143
28.111

28.118
28.243
27.816
27.980
28.336

FactorialSort-9 - Interpreted
7.688
7.610
7.659
7.687
7.687

7.625
7.624
7.641
7.596
7.610

FactorialSort-9 Compiled
7.299
7.265
7.329
7.533
7.453

7.282
7.346
7.424
7.408
7.297

IsPrime-7 Interpreted
30.813
30.611
30.674
30.594
30.611

30.659
30.548
30.578
30.563
30.534

IsPrime-7 Compiled
29.627
29.595
29.548
29.595
30.144

29.519
29.614
29.738
29.547
29.566

IsPrime-6 Interpreted
14.654
14.650
14.606
14.639
14.654

14.595
14.659
14.615
14.628
14.808

IsPrime-6 Compiled
14.198
14.165
14.111
14.001
14.032

14.000
14.032
13.939
14.065
13.955

Knights-5 Interpreted
509.667
507.383
505.363
506.228
506.848

511.929
512.637
511.536
512.798
512.150

Knights-5 Compiled
499.131
504.102
503.442
513.964
504.137

501.205
504.051
501.815
503.263
501.834

MergeSort-185 Interpreted
12.191
12.201
12.400
12.535
12.505

12.402
12.520
12.357
12.505
12.277

Mergesort-185 compiled
14.080
14.020
13.714
13.547
14.013

13.703
13.650
13.501
13.454
13.673

nQueens-10 Interpreted
5.825
5.465
5.734
5.664
5.532

5.547
5.746
5.689
5.894
5.673

nQueens-10 Compiled
5.425
5.535
5.392
5.404
5.439

5.286
5.566
5.641
5.554
5.423

nQueens-12 Interpreted

27.574
27.707
26.841
27.491
28.616

27.812
27.787
27.618
27.662
27.576

nQueens-12 Compiled
26.200
26.331
26.065
26.352
25.957

26.113
26.337
26.060
26.056
25.911

totient-150 Interpreted
15.983
15.872
15.626
15.672
15.642

15.717
15.703
15.641
15.734
15.895

totient-150 compiled
15.361
15.362
15.517
15.314
15.375

15.393
15.422
15.378
15.374
15.406

totient-200 interpreted
38.690
38.379
38.393
38.645
38.443

38.492
38.409
38.385
38.236
38.536

totient-200 compiled
37.427
37.594
37.413
37.983
37.549

37.741
37.566
37.615
37.503
38.078